---
70 125 134 255
128 184 193 255
156 179 177 255
250 148 166 255
176 190 225 255
231 141 147 255
240 145 162 255
154 217 162 255
248 172 135 255
150 167 183 255
240 182 144 255
196 188 175 255
158 201 197 255
202 144 149 255
239 239 239 255
128 254 233 255
---
202 202 202 255
152 156 159 255
160 197 228 255
255 166 161 255
146 148 150 255
195 228 175 255
255 183 183 255
134 160 176 255
127 229 204 255
127 178 204 255
192 218 159 255
243 187 170 255
168 158 190 255
250 190 129 255
140 211 147 255
250 220 143 255
